19 26 8 3 16
375.4 216.96
426.459 253.43
641.7 195.99
590.203 166.49
421.26 379.187
377.09 338.059
245.41 378.855
384.87 548.35
381 663
258 499
509.79 487.48
461.251 437.077
470.465 366.936
521.529 420.183
760.32 325.101
704.57 495.42
703.35 285.858
620.67 310.081
574 382
0 1
1 2
2 3
0 3
0 5
4 5
1 4
4 17
2 17
12 16
14 16
13 14
12 13
11 12
10 11
10 13
7 10
7 8
8 15
14 15
6 7
6 9
8 9
5 6
3 18
9 18
0 3 18 9 6 5
7 8 15 14 13 10
0 1 2 3
0 1 4 5
1 2 17 4
6 7 8 9
10 11 12 13
12 13 14 16
11 3 9 1 23 7 18
4 6 8 19 17 21
22 20 2 10 0 5
0 1 2 3 4 5 6 7 10 11 12 13 14 15 16 17
