14 21 9 3 11
430.562 445.185
488.452 394.198
313.05 391.964
435.885 223.763
501.955 194.388
373.578 170.925
299.713 193.128
447.484 502.095
535.183 411.875
275.378 415.617
443.807 595.492
526.424 495.359
378.104 427.25
283.584 499.57
0 1
1 4
3 4
0 3
0 2
2 6
3 6
5 6
4 5
2 9
7 9
7 8
1 8
8 11
7 10
9 13
5 12
10 13
10 11
11 12
12 13
0 1 4 3
3 4 5 6
0 3 6 2
7 10 11 8
0 2 9 7 8 1
7 9 13 10
2 6 5 12 13 9
10 13 12 11
1 8 11 12 5 4
0 2 7 9 11 18 20
4 6 8 12 10 17 19
3 1 16 5 15 14 13
0 1 2 3 4 5 6 7 8 9 10
