14 21 9 3 12
441.92 447.98
489.369 389.842
309.642 399.02
450.03 223.303
504.245 188.005
362.668 165.798
294.033 193.466
470.85 507.389
539.128 405.389
274.776 427.436
464.908 599.296
529.526 487.822
369.6 427.752
283.902 512.229
0 1
1 4
3 4
0 3
0 2
2 6
3 6
5 6
4 5
2 9
7 9
7 8
1 8
8 11
7 10
9 13
5 12
10 13
10 11
11 12
12 13
0 1 4 3
3 4 5 6
0 3 6 2
7 10 11 8
0 2 9 7 8 1
7 9 13 10
2 6 5 12 13 9
10 13 12 11
1 8 11 12 5 4
0 2 7 9 11 18 20
4 6 8 12 10 17 19
3 1 16 5 15 14 13
0 1 2 4 5 6 7 8 9 10 11 12